{
 "cells": [
  {
   "cell_type": "code",
   "execution_count": 1,
   "metadata": {},
   "outputs": [
    {
     "name": "stdout",
     "output_type": "stream",
     "text": [
      "Defaulting to user installation because normal site-packages is not writeable\n",
      "Requirement already satisfied: plotly in /home/yokoyama/.local/lib/python3.10/site-packages (5.22.0)\n",
      "Requirement already satisfied: nbformat in /home/yokoyama/.local/lib/python3.10/site-packages (5.10.4)\n",
      "Requirement already satisfied: tenacity>=6.2.0 in /home/yokoyama/.local/lib/python3.10/site-packages (from plotly) (8.2.3)\n",
      "Requirement already satisfied: packaging in /usr/lib/python3/dist-packages (from plotly) (21.3)\n",
      "Requirement already satisfied: jsonschema>=2.6 in /home/yokoyama/.local/lib/python3.10/site-packages (from nbformat) (4.22.0)\n",
      "Requirement already satisfied: jupyter-core!=5.0.*,>=4.12 in /home/yokoyama/.local/lib/python3.10/site-packages (from nbformat) (5.7.2)\n",
      "Requirement already satisfied: fastjsonschema>=2.15 in /home/yokoyama/.local/lib/python3.10/site-packages (from nbformat) (2.19.1)\n",
      "Requirement already satisfied: traitlets>=5.1 in /home/yokoyama/.local/lib/python3.10/site-packages (from nbformat) (5.14.3)\n",
      "Requirement already satisfied: referencing>=0.28.4 in /home/yokoyama/.local/lib/python3.10/site-packages (from jsonschema>=2.6->nbformat) (0.35.1)\n",
      "Requirement already satisfied: attrs>=22.2.0 in /home/yokoyama/.local/lib/python3.10/site-packages (from jsonschema>=2.6->nbformat) (23.2.0)\n",
      "Requirement already satisfied: rpds-py>=0.7.1 in /home/yokoyama/.local/lib/python3.10/site-packages (from jsonschema>=2.6->nbformat) (0.18.0)\n",
      "Requirement already satisfied: jsonschema-specifications>=2023.03.6 in /home/yokoyama/.local/lib/python3.10/site-packages (from jsonschema>=2.6->nbformat) (2023.12.1)\n",
      "Requirement already satisfied: platformdirs>=2.5 in /home/yokoyama/.local/lib/python3.10/site-packages (from jupyter-core!=5.0.*,>=4.12->nbformat) (4.2.1)\n"
     ]
    }
   ],
   "source": [
    "!pip install plotly nbformat\n",
    "\n",
    "import sys\n",
    "sys.path.append('../lib')\n",
    "\n",
    "import numpy as np\n",
    "import cv2\n",
    "import orbslam2"
   ]
  },
  {
   "cell_type": "code",
   "execution_count": 2,
   "metadata": {},
   "outputs": [],
   "source": [
    "import os\n",
    "if not os.path.exists('../Vocabulary/ORBvoc.txt'):\n",
    "    !cd Vocabulary && tar -xf ORBvoc.txt.tar.gz\n",
    "\n",
    "VOC_FILE = '../Vocabulary/ORBvoc.txt'\n",
    "CONF_FILE = '../../iPhone/iPhone.yaml'\n",
    "VIDEO_FILE = '../../iPhone/living.mov'"
   ]
  },
  {
   "cell_type": "code",
   "execution_count": 3,
   "metadata": {},
   "outputs": [
    {
     "name": "stdout",
     "output_type": "stream",
     "text": [
      "\n",
      "ORB-SLAM2 Copyright (C) 2014-2016 Raul Mur-Artal, University of Zaragoza.\n",
      "This program comes with ABSOLUTELY NO WARRANTY;\n",
      "This is free software, and you are welcome to redistribute it\n",
      "under certain conditions. See LICENSE.txt.\n",
      "\n",
      "Input sensor was set to: Monocular\n",
      "\n",
      "Loading ORB Vocabulary. This could take a while...\n",
      "Vocabulary loaded!\n",
      "\n",
      "\n",
      "Camera Parameters: \n",
      "- fx: 1080\n",
      "- fy: 1080\n",
      "- cx: 540\n",
      "- cy: 960\n",
      "- k1: 0.262383\n",
      "- k2: -0.953104\n",
      "- k3: 1.16331\n",
      "- p1: -0.005358\n",
      "- p2: 0.002628\n",
      "- fps: 30\n",
      "- color order: BGR (ignored if grayscale)\n",
      "\n",
      "ORB Extractor Parameters: \n",
      "- Number of Features: 1000\n",
      "- Scale Levels: 8\n",
      "- Scale Factor: 1.2\n",
      "- Initial Fast Threshold: 20\n",
      "- Minimum Fast Threshold: 7\n"
     ]
    }
   ],
   "source": [
    "system = orbslam2.System(VOC_FILE, CONF_FILE, orbslam2.System.MONOCULAR)\n",
    "cap = cv2.VideoCapture(VIDEO_FILE)"
   ]
  },
  {
   "cell_type": "code",
   "execution_count": 4,
   "metadata": {},
   "outputs": [
    {
     "name": "stdout",
     "output_type": "stream",
     "text": [
      "0.11959290504455566 None\n",
      "0.16540741920471191 None\n",
      "0.21670961380004883 None\n",
      "0.2642934322357178 None\n",
      "0.3121035099029541 None\n",
      "0.36107873916625977 None\n",
      "0.4030940532684326 None\n",
      "0.4407501220703125 None\n",
      "0.48831772804260254 None\n",
      "0.5254476070404053 None\n",
      "0.5626626014709473 None\n",
      "0.6119167804718018 None\n",
      "0.6621379852294922 None\n",
      "0.6998732089996338 None\n",
      "0.7347075939178467 None\n",
      "0.7707881927490234 None\n",
      "0.8089346885681152 None\n",
      "0.8433065414428711 None\n",
      "0.8727173805236816 None\n",
      "0.9047703742980957 None\n",
      "0.934424638748169 None\n",
      "0.9752047061920166 None\n",
      "1.0155112743377686 None\n",
      "1.0562329292297363 None\n",
      "1.097620964050293 None\n",
      "1.1382977962493896 None\n",
      "1.1757090091705322 None\n",
      "1.2077834606170654 None\n",
      "1.2366268634796143 None\n",
      "1.2749383449554443 None\n",
      "1.3113651275634766 None\n",
      "1.3407444953918457 None\n",
      "1.3702688217163086 None\n",
      "1.4145021438598633 None\n",
      "1.4455368518829346 None\n",
      "1.4767775535583496 None\n",
      "1.5165514945983887 None\n",
      "1.5595815181732178 None\n",
      "1.599456787109375 None\n",
      "1.6401615142822266 None\n",
      "1.6797289848327637 None\n",
      "1.7203714847564697 None\n",
      "1.7607033252716064 None\n",
      "1.8005855083465576 None\n",
      "1.839937448501587 None\n",
      "1.8811261653900146 None\n",
      "1.9145050048828125 None\n",
      "1.946540117263794 None\n",
      "1.9909451007843018 None\n",
      "2.0324349403381348 None\n",
      "2.0709025859832764 None\n",
      "2.1090402603149414 None\n",
      "2.140129327774048 None\n",
      "2.1705172061920166 None\n",
      "2.2014739513397217 None\n",
      "2.2325053215026855 None\n",
      "2.2635858058929443 None\n",
      "2.2940115928649902 None\n",
      "2.3348639011383057 [[ 0.99999446  0.00154209 -0.00295098 -0.02395637]\n",
      " [-0.00153258  0.9999936   0.00322459  0.00106941]\n",
      " [ 0.00295593 -0.00322005  0.99999046 -0.00768345]\n",
      " [ 0.          0.          0.          1.        ]]\n",
      "New Map created with 101 points\n",
      "2.380608320236206 [[ 9.9988073e-01  3.1660651e-03 -1.5115345e-02 -2.4559243e-02]\n",
      " [-3.0537350e-03  9.9996758e-01  7.4488427e-03 -7.7410717e-04]\n",
      " [ 1.5138439e-02 -7.4017961e-03  9.9985802e-01 -1.1513148e-02]\n",
      " [ 0.0000000e+00  0.0000000e+00  0.0000000e+00  1.0000000e+00]]\n",
      "2.417546510696411 [[ 0.9997064   0.00561338 -0.02357173 -0.02708619]\n",
      " [-0.00535194  0.99992365  0.01114    -0.00226054]\n",
      " [ 0.02363246 -0.01101058  0.9996601  -0.01546504]\n",
      " [ 0.          0.          0.          1.        ]]\n",
      "2.4509923458099365 [[ 0.9996876   0.00714031 -0.02395238 -0.03612192]\n",
      " [-0.00698611  0.99995434  0.00651554  0.0051545 ]\n",
      " [ 0.02399781 -0.00634617  0.99969184 -0.02147461]\n",
      " [ 0.          0.          0.          1.        ]]\n",
      "2.4842329025268555 [[ 0.99975276  0.00799577 -0.02074911 -0.04681905]\n",
      " [-0.00790933  0.9999597   0.00424461  0.00927151]\n",
      " [ 0.02078221 -0.00407945  0.9997757  -0.02527411]\n",
      " [ 0.          0.          0.          1.        ]]\n",
      "2.5163443088531494 [[ 0.9996592   0.00906981 -0.02447895 -0.04911453]\n",
      " [-0.00893538  0.99994445  0.00559576  0.00972571]\n",
      " [ 0.02452834 -0.00537513  0.9996847  -0.02869507]\n",
      " [ 0.          0.          0.          1.        ]]\n",
      "2.547663450241089 [[ 0.9996007   0.01143248 -0.02584121 -0.05492662]\n",
      " [-0.01109217  0.9998504   0.01327413  0.00300934]\n",
      " [ 0.0259891  -0.01298219  0.99957794 -0.03018317]\n",
      " [ 0.          0.          0.          1.        ]]\n",
      "2.5807955265045166 [[ 0.99939686  0.0123139  -0.03246887 -0.05349698]\n",
      " [-0.01200129  0.9998799   0.00980552  0.00843342]\n",
      " [ 0.03258571 -0.00940994  0.99942464 -0.03578616]\n",
      " [ 0.          0.          0.          1.        ]]\n",
      "2.6138293743133545 [[ 0.99925315  0.01471577 -0.03572866 -0.05575134]\n",
      " [-0.01432453  0.9998349   0.01118177  0.0086285 ]\n",
      " [ 0.03588731 -0.01066162  0.999299   -0.03867535]\n",
      " [ 0.          0.          0.          1.        ]]\n",
      "2.6461803913116455 [[ 0.99928725  0.01507283 -0.03460881 -0.06071875]\n",
      " [-0.01472089  0.9998375   0.01040144  0.01066734]\n",
      " [ 0.03475996 -0.00988455  0.9993468  -0.04122112]\n",
      " [ 0.          0.          0.          1.        ]]\n",
      "2.6797828674316406 [[ 0.9992359   0.01628731 -0.03552884 -0.06280921]\n",
      " [-0.01595187  0.99982566  0.00970456  0.01264494]\n",
      " [ 0.03568071 -0.00913039  0.9993215  -0.04437649]\n",
      " [ 0.          0.          0.          1.        ]]\n",
      "2.7120025157928467 [[ 0.9992331   0.01926847 -0.03408727 -0.06754936]\n",
      " [-0.01883429  0.9997379   0.01301289  0.01040949]\n",
      " [ 0.03432907 -0.0123609   0.99933416 -0.04562285]\n",
      " [ 0.          0.          0.          1.        ]]\n",
      "2.7433722019195557 [[ 0.9991023   0.02071881 -0.03694979 -0.06730771]\n",
      " [-0.02024465  0.9997084   0.0131608   0.01163261]\n",
      " [ 0.03721169 -0.01240095  0.99923044 -0.04956922]\n",
      " [ 0.          0.          0.          1.        ]]\n",
      "2.775357484817505 [[ 0.9991003   0.02327135 -0.03545459 -0.07104461]\n",
      " [-0.02274373  0.99962556  0.01521287  0.0107684 ]\n",
      " [ 0.03579533 -0.01439281  0.9992555  -0.05104814]\n",
      " [ 0.          0.          0.          1.        ]]\n",
      "2.806887626647949 [[ 0.99888265  0.02584114 -0.03956886 -0.06846257]\n",
      " [-0.02532831  0.99958926  0.01340762  0.01411143]\n",
      " [ 0.03989907 -0.01239042  0.9991269  -0.05516343]\n",
      " [ 0.          0.          0.          1.        ]]\n",
      "2.8422675132751465 [[ 0.99881035  0.02802005 -0.03990984 -0.06873721]\n",
      " [-0.02749929  0.99953014  0.01353836  0.01530894]\n",
      " [ 0.04027043 -0.01242476  0.9991116  -0.0577466 ]\n",
      " [ 0.          0.          0.          1.        ]]\n",
      "2.8745388984680176 [[ 0.99887675  0.02857832 -0.0377961  -0.07052942]\n",
      " [-0.02826799  0.9995623   0.00871982  0.02112193]\n",
      " [ 0.03802875 -0.00764161  0.99924743 -0.06145114]\n",
      " [ 0.          0.          0.          1.        ]]\n",
      "2.9071390628814697 [[ 0.99875665  0.02999644 -0.03981656 -0.06691439]\n",
      " [-0.02977433  0.99953765  0.00615985  0.02482307]\n",
      " [ 0.03998292 -0.00496668  0.999188   -0.06514788]\n",
      " [ 0.          0.          0.          1.        ]]\n",
      "2.9428069591522217 [[ 0.9991785   0.02898625 -0.02832073 -0.07556424]\n",
      " [-0.02894039  0.9995791   0.00202795  0.0291194 ]\n",
      " [ 0.02836759 -0.00120667  0.99959683 -0.06638319]\n",
      " [ 0.          0.          0.          1.        ]]\n",
      "2.979379415512085 [[ 9.9927372e-01  2.8856318e-02 -2.4887931e-02 -7.6026872e-02]\n",
      " [-2.8859042e-02  9.9958348e-01  2.4979413e-04  3.1211190e-02]\n",
      " [ 2.4884772e-02  4.6862912e-04  9.9969023e-01 -6.8177909e-02]\n",
      " [ 0.0000000e+00  0.0000000e+00  0.0000000e+00  1.0000000e+00]]\n",
      "3.0125367641448975 [[ 9.9925947e-01  3.0678336e-02 -2.3223925e-02 -7.4950524e-02]\n",
      " [-3.0663872e-02  9.9952930e-01  9.7875576e-04  3.0885350e-02]\n",
      " [ 2.3243019e-02 -2.6589553e-04  9.9972981e-01 -7.0596494e-02]\n",
      " [ 0.0000000e+00  0.0000000e+00  0.0000000e+00  1.0000000e+00]]\n",
      "3.0447380542755127 [[ 0.9992209   0.03115797 -0.02422256 -0.07066725]\n",
      " [-0.03111883  0.9995137   0.00199094  0.0300253 ]\n",
      " [ 0.02427281 -0.00123561  0.9997046  -0.07337848]\n",
      " [ 0.          0.          0.          1.        ]]\n",
      "3.076517343521118 [[ 9.9927610e-01  3.0905267e-02 -2.2185462e-02 -6.9579877e-02]\n",
      " [-3.0923588e-02  9.9952161e-01 -4.8319367e-04  3.2777023e-02]\n",
      " [ 2.2159915e-02  1.1688980e-03  9.9975377e-01 -7.6383531e-02]\n",
      " [ 0.0000000e+00  0.0000000e+00  0.0000000e+00  1.0000000e+00]]\n",
      "3.109800338745117 [[ 9.9917644e-01  3.2325566e-02 -2.4524176e-02 -6.3736029e-02]\n",
      " [-3.2308966e-02  9.9947733e-01  1.0728943e-03  3.1806260e-02]\n",
      " [ 2.4546042e-02 -2.7965999e-04  9.9969864e-01 -7.9930194e-02]\n",
      " [ 0.0000000e+00  0.0000000e+00  0.0000000e+00  1.0000000e+00]]\n",
      "3.144975185394287 [[ 9.9929464e-01  3.1236727e-02 -2.0844324e-02 -6.3626267e-02]\n",
      " [-3.1210005e-02  9.9951154e-01  1.6061505e-03  3.1122893e-02]\n",
      " [ 2.0884313e-02 -9.5446617e-04  9.9978143e-01 -8.1926420e-02]\n",
      " [ 0.0000000e+00  0.0000000e+00  0.0000000e+00  1.0000000e+00]]\n",
      "3.177065849304199 [[ 9.9930990e-01  3.0898286e-02 -2.0615652e-02 -6.0112745e-02]\n",
      " [-3.0883200e-02  9.9952245e-01  1.0498238e-03  3.1949099e-02]\n",
      " [ 2.0638244e-02 -4.1242200e-04  9.9978691e-01 -8.4758140e-02]\n",
      " [ 0.0000000e+00  0.0000000e+00  0.0000000e+00  1.0000000e+00]]\n",
      "3.209723949432373 [[ 0.9995269   0.0284507  -0.01168158 -0.06502411]\n",
      " [-0.02847848  0.99959195 -0.0022194   0.03499178]\n",
      " [ 0.01161367  0.00255103  0.9999293  -0.08684677]\n",
      " [ 0.          0.          0.          1.        ]]\n",
      "3.2448434829711914 [[ 0.9995875   0.02768837 -0.00762806 -0.06560882]\n",
      " [-0.02770438  0.9996142  -0.00200054  0.03472256]\n",
      " [ 0.00756973  0.00221104  0.9999689  -0.08889396]\n",
      " [ 0.          0.          0.          1.        ]]\n",
      "3.283407688140869 [[ 0.99960065  0.02749177 -0.00653717 -0.06239957]\n",
      " [-0.02749945  0.9996212  -0.0010885   0.03384401]\n",
      " [ 0.00650477  0.00126784  0.99997807 -0.09160773]\n",
      " [ 0.          0.          0.          1.        ]]\n",
      "3.316246509552002 [[ 0.9996039   0.02794704 -0.00330655 -0.06153801]\n",
      " [-0.02795207  0.99960816 -0.00148549  0.03421283]\n",
      " [ 0.00326374  0.00157733  0.99999344 -0.09461017]\n",
      " [ 0.          0.          0.          1.        ]]\n",
      "3.34903883934021 [[ 0.9996551   0.02623971  0.00107355 -0.06150985]\n",
      " [-0.0262364   0.9996513  -0.00298717  0.03552024]\n",
      " [-0.00115156  0.00295798  0.99999493 -0.09796809]\n",
      " [ 0.          0.          0.          1.        ]]\n",
      "3.3811886310577393 [[ 0.99966437  0.02569178  0.00333295 -0.05946817]\n",
      " [-0.02567718  0.9996608  -0.00435115  0.03695101]\n",
      " [-0.00344361  0.00426411  0.999985   -0.10221916]\n",
      " [ 0.          0.          0.          1.        ]]\n",
      "3.416130542755127 [[ 0.9996793   0.02388913  0.00840107 -0.06002963]\n",
      " [-0.02383834  0.99969727 -0.00609439  0.03843579]\n",
      " [-0.00854412  0.00589217  0.9999461  -0.10589851]\n",
      " [ 0.          0.          0.          1.        ]]\n",
      "3.4489965438842773 [[ 0.9996667   0.02325153  0.01121707 -0.0582385 ]\n",
      " [-0.02316423  0.99970084 -0.00785108  0.04031109]\n",
      " [-0.01139626  0.00758863  0.99990624 -0.11093014]\n",
      " [ 0.          0.          0.          1.        ]]\n",
      "3.4821603298187256 [[ 0.9996485   0.02224603  0.0144222  -0.05694657]\n",
      " [-0.02211181  0.99971133 -0.00939988  0.04208276]\n",
      " [-0.01462715  0.00907767  0.9998518  -0.1158152 ]\n",
      " [ 0.          0.          0.          1.        ]]\n",
      "3.5135865211486816 [[ 0.99963313  0.02019513  0.01804964 -0.05586875]\n",
      " [-0.02001966  0.9997511  -0.00984957  0.04262736]\n",
      " [-0.01824406  0.00948461  0.9997886  -0.11954039]\n",
      " [ 0.          0.          0.          1.        ]]\n",
      "3.548346757888794 [[ 0.99953365  0.01876671  0.0240896  -0.05681185]\n",
      " [-0.01852225  0.99977505 -0.01033148  0.04357009]\n",
      " [-0.02427807  0.00988047  0.99965644 -0.12275661]\n",
      " [ 0.          0.          0.          1.        ]]\n",
      "3.580695629119873 [[ 0.9993889   0.01676193  0.03067341 -0.05765406]\n",
      " [-0.0164378   0.9998067  -0.01078897  0.04472189]\n",
      " [-0.03084832  0.01027817  0.99947125 -0.12730888]\n",
      " [ 0.          0.          0.          1.        ]]\n",
      "3.612211227416992 [[ 0.99921703  0.01502447  0.03660104 -0.05730936]\n",
      " [-0.01454851  0.9998066  -0.01323583  0.04794586]\n",
      " [-0.03679283  0.01269298  0.9992423  -0.1338438 ]\n",
      " [ 0.          0.          0.          1.        ]]\n",
      "3.643799066543579 [[ 0.9990313   0.00951673  0.04296407 -0.05703879]\n",
      " [-0.00890825  0.9998576  -0.01433179  0.04898793]\n",
      " [-0.04309434  0.01393517  0.99897385 -0.1374051 ]\n",
      " [ 0.          0.          0.          1.        ]]\n",
      "3.6767995357513428 [[ 0.9988054   0.00616003  0.04847492 -0.05590295]\n",
      " [-0.00535493  0.99984586 -0.01672113  0.05150641]\n",
      " [-0.04857045  0.01644158  0.9986844  -0.14231803]\n",
      " [ 0.          0.          0.          1.        ]]\n",
      "3.7074453830718994 [[ 0.9984779  -0.00139583  0.05513623 -0.05614833]\n",
      " [ 0.00246326  0.99981076 -0.0192966   0.05346596]\n",
      " [-0.05509886  0.01940304  0.9982924  -0.14687544]\n",
      " [ 0.          0.          0.          1.        ]]\n",
      "3.7401199340820312 [[ 0.9976849  -0.0034187   0.0679205  -0.05635827]\n",
      " [ 0.00502193  0.99971247 -0.02344774  0.05732512]\n",
      " [-0.06782081  0.02373455  0.9974152  -0.15384926]\n",
      " [ 0.          0.          0.          1.        ]]\n",
      "3.7709178924560547 [[ 0.99679935 -0.00904417  0.0794307  -0.0555613 ]\n",
      " [ 0.01112359  0.99960583 -0.02577568  0.05771099]\n",
      " [-0.07916627  0.02657674  0.9965071  -0.15663461]\n",
      " [ 0.          0.          0.          1.        ]]\n",
      "3.803877830505371 [[ 0.995488   -0.01169945  0.09416338 -0.05752153]\n",
      " [ 0.01448275  0.99947655 -0.02892923  0.05829669]\n",
      " [-0.09377563  0.03016245  0.9951364  -0.15689746]\n",
      " [ 0.          0.          0.          1.        ]]\n",
      "3.834259271621704 [[ 0.9939868  -0.01296431  0.10872998 -0.05934585]\n",
      " [ 0.01645187  0.99937654 -0.03123986  0.05879017]\n",
      " [-0.10825719  0.03284082  0.99358034 -0.15854162]\n",
      " [ 0.          0.          0.          1.        ]]\n",
      "3.865293264389038 [[ 0.99205804 -0.02111786  0.12399542 -0.06366687]\n",
      " [ 0.02573586  0.999029   -0.03576028  0.06144052]\n",
      " [-0.12311983  0.03866741  0.9916382  -0.16160844]\n",
      " [ 0.          0.          0.          1.        ]]\n",
      "3.8967931270599365 [[ 0.9900731  -0.02790268  0.13775611 -0.06716755]\n",
      " [ 0.03323107  0.9987798  -0.03653238  0.06238288]\n",
      " [-0.13656867  0.04074751  0.9897922  -0.16903575]\n",
      " [ 0.          0.          0.          1.        ]]\n",
      "3.932187557220459 [[ 0.9885484  -0.03151942  0.14757578 -0.0666398 ]\n",
      " [ 0.03777075  0.9984955  -0.0397505   0.06434176]\n",
      " [-0.14610085  0.04486934  0.9882516  -0.17260313]\n",
      " [ 0.          0.          0.          1.        ]]\n",
      "3.964940309524536 [[ 0.9857833  -0.03548788  0.16423139 -0.07175963]\n",
      " [ 0.04254794  0.9983065  -0.03967125  0.06275994]\n",
      " [-0.16254541  0.04609496  0.9856238  -0.17228678]\n",
      " [ 0.          0.          0.          1.        ]]\n",
      "3.9980945587158203 [[ 0.98315626 -0.03999541  0.17833704 -0.07570438]\n",
      " [ 0.04820386  0.99795693 -0.04193315  0.06310626]\n",
      " [-0.17629555  0.04982337  0.98307556 -0.17247137]\n",
      " [ 0.          0.          0.          1.        ]]\n",
      "4.033278703689575 [[ 0.980843   -0.04718523  0.18899885 -0.07748335]\n",
      " [ 0.05645885  0.99743557 -0.0439846   0.06420751]\n",
      " [-0.18643875  0.05381264  0.9809917  -0.17548218]\n",
      " [ 0.          0.          0.          1.        ]]\n",
      "4.066207408905029 [[ 0.9778304  -0.05158257  0.2029455  -0.08179525]\n",
      " [ 0.06209012  0.99702144 -0.04574959  0.06466182]\n",
      " [-0.19998114  0.05733625  0.9781207  -0.17625473]\n",
      " [ 0.          0.          0.          1.        ]]\n",
      "4.099133253097534 [[ 0.97480834 -0.05495693  0.21616776 -0.08502205]\n",
      " [ 0.06636934  0.9967393  -0.04588867  0.06455988]\n",
      " [-0.212941    0.05907957  0.97527725 -0.17917687]\n",
      " [ 0.          0.          0.          1.        ]]\n",
      "4.132411479949951 [[ 0.97126085 -0.05803636  0.23083362 -0.09037771]\n",
      " [ 0.07087839  0.9963424  -0.04772839  0.06493533]\n",
      " [-0.22721936  0.06271783  0.9718219  -0.178744  ]\n",
      " [ 0.          0.          0.          1.        ]]\n",
      "4.163449048995972 [[ 0.9677409  -0.06388065  0.2437146  -0.09424303]\n",
      " [ 0.07810767  0.99573237 -0.04915567  0.06551605]\n",
      " [-0.23953441  0.06660593  0.9686005  -0.17982483]\n",
      " [ 0.          0.          0.          1.        ]]\n",
      "4.1960930824279785 [[ 0.9635799  -0.06634755  0.25905943 -0.09964558]\n",
      " [ 0.08202954  0.9953654  -0.05018913  0.06570029]\n",
      " [-0.25452885  0.06961176  0.9645565  -0.18049474]\n",
      " [ 0.          0.          0.          1.        ]]\n",
      "4.226551532745361 [[ 0.95942056 -0.07191446  0.27265456 -0.10385308]\n",
      " [ 0.0894566   0.99460894 -0.05244633  0.06660946]\n",
      " [-0.26741302  0.07470883  0.96068144 -0.18099467]\n",
      " [ 0.          0.          0.          1.        ]]\n",
      "4.259680986404419 [[ 0.95478207 -0.07396799  0.28795823 -0.10898232]\n",
      " [ 0.09285902  0.9942949  -0.05248723  0.0656384 ]\n",
      " [-0.28243303  0.07685339  0.9562035  -0.1817601 ]\n",
      " [ 0.          0.          0.          1.        ]]\n",
      "4.290377855300903 [[ 0.94966143 -0.07822192  0.30335543 -0.11407966]\n",
      " [ 0.09918625  0.99358606 -0.05430312  0.06592942]\n",
      " [-0.29716203  0.08165827  0.9513289  -0.1818752 ]\n",
      " [ 0.          0.          0.          1.        ]]\n",
      "4.3299033641815186 [[ 0.944514   -0.08282055  0.31785858 -0.11857706]\n",
      " [ 0.1060112   0.9927677  -0.05633796  0.0660135 ]\n",
      " [-0.31089377  0.08690856  0.94646287 -0.18190795]\n",
      " [ 0.          0.          0.          1.        ]]\n",
      "4.36048150062561 [[ 0.93889385 -0.08608308  0.33326876 -0.12360952]\n",
      " [ 0.11172052  0.99201596 -0.05850511  0.06621138]\n",
      " [-0.32557163  0.09216304  0.94101495 -0.18201934]\n",
      " [ 0.          0.          0.          1.        ]]\n",
      "4.391362190246582 [[ 0.93389267 -0.09000368  0.3460402  -0.12671718]\n",
      " [ 0.11763883  0.99126273 -0.05966     0.06507798]\n",
      " [-0.3376471   0.0964238   0.9363209  -0.18212347]\n",
      " [ 0.          0.          0.          1.        ]]\n",
      "4.421937942504883 [[ 0.9280133  -0.09430261  0.36041406 -0.13121895]\n",
      " [ 0.12517186  0.9901179  -0.06323406  0.06607549]\n",
      " [-0.35088927  0.10379574  0.93064666 -0.18181913]\n",
      " [ 0.          0.          0.          1.        ]]\n",
      "4.453781843185425 [[ 0.9220758  -0.09636392  0.37482026 -0.13574813]\n",
      " [ 0.12979774  0.98941183 -0.06493715  0.06560589]\n",
      " [-0.36459398  0.1085278   0.9248205  -0.18082444]\n",
      " [ 0.          0.          0.          1.        ]]\n",
      "4.485104084014893 [[ 0.9151173  -0.09970082  0.3906662  -0.1411184 ]\n",
      " [ 0.13671039  0.9882728  -0.06802338  0.06636461]\n",
      " [-0.37930277  0.11565749  0.91801566 -0.17996892]\n",
      " [ 0.          0.          0.          1.        ]]\n",
      "4.51850152015686 [[ 0.91028243 -0.10107169  0.4014603  -0.14329635]\n",
      " [ 0.14192367  0.98716193 -0.07327376  0.06842166]\n",
      " [-0.3889004   0.12367652  0.9129406  -0.17971951]\n",
      " [ 0.          0.          0.          1.        ]]\n",
      "4.549226522445679 [[ 0.9043632  -0.1032798   0.41407785 -0.14713651]\n",
      " [ 0.14673813  0.98636883 -0.07446085  0.06748651]\n",
      " [-0.4007432   0.12810066  0.9071908  -0.17868209]\n",
      " [ 0.          0.          0.          1.        ]]\n",
      "4.58190393447876 [[ 0.89857197 -0.10366961  0.42640474 -0.15034775]\n",
      " [ 0.15156013  0.9852171  -0.07985516  0.06884997]\n",
      " [-0.4118227   0.13638157  0.9010006  -0.17751488]\n",
      " [ 0.          0.          0.          1.        ]]\n",
      "4.612126350402832 [[ 0.89389765 -0.10577632  0.4356126  -0.1527519 ]\n",
      " [ 0.15784234  0.98379815 -0.08501211  0.06982215]\n",
      " [-0.41956258  0.14475024  0.89611083 -0.17651665]\n",
      " [ 0.          0.          0.          1.        ]]\n",
      "4.645869970321655 [[ 0.88657314 -0.10759735  0.44990095 -0.15793836]\n",
      " [ 0.16354525  0.98266834 -0.08726881  0.06945715]\n",
      " [-0.43271354  0.15094934  0.88880444 -0.17531024]\n",
      " [ 0.          0.          0.          1.        ]]\n",
      "4.67806077003479 [[ 0.88358706 -0.10852776  0.45551693 -0.1587038 ]\n",
      " [ 0.16719042  0.98177165 -0.09039798  0.0691749 ]\n",
      " [-0.4374029   0.15603256  0.8856255  -0.17434798]\n",
      " [ 0.          0.          0.          1.        ]]\n",
      "4.710436820983887 [[ 0.87940496 -0.10862194  0.46351725 -0.16109788]\n",
      " [ 0.17153034  0.980524   -0.09565601  0.0701684 ]\n",
      " [-0.44409943  0.16362764  0.88090956 -0.17382689]\n",
      " [ 0.          0.          0.          1.        ]]\n",
      "4.740684270858765 [[ 0.873426   -0.10525148  0.47544616 -0.16569844]\n",
      " [ 0.17101002  0.9804724  -0.09710549  0.06876007]\n",
      " [-0.45594135  0.16612053  0.8743692  -0.17191173]\n",
      " [ 0.          0.          0.          1.        ]]\n",
      "4.775949001312256 [[ 0.8705047  -0.10610728  0.48058593 -0.16655782]\n",
      " [ 0.17490593  0.9794356  -0.10056718  0.06898261]\n",
      " [-0.4600321   0.17160153  0.8711621  -0.17162961]\n",
      " [ 0.          0.          0.          1.        ]]\n",
      "4.806221008300781 [[ 0.86623406 -0.10702024  0.4880422  -0.16888738]\n",
      " [ 0.17897727  0.9784348  -0.10311377  0.06865101]\n",
      " [-0.46648222  0.17666912  0.8667078  -0.17014083]\n",
      " [ 0.          0.          0.          1.        ]]\n",
      "4.8386390209198 [[ 0.8631119  -0.10750233  0.493438   -0.17015694]\n",
      " [ 0.18256304  0.9774209  -0.10639087  0.06889658]\n",
      " [-0.47085938  0.18191077  0.86324966 -0.17005993]\n",
      " [ 0.          0.          0.          1.        ]]\n",
      "4.8720703125 [[ 0.8573401  -0.10745227  0.5034104  -0.174497  ]\n",
      " [ 0.18708396  0.9761363  -0.11026096  0.06921463]\n",
      " [-0.47954938  0.18871114  0.85698336 -0.16835558]\n",
      " [ 0.          0.          0.          1.        ]]\n",
      "4.902666330337524 [[ 0.85462964 -0.10797431  0.5078875  -0.17561676]\n",
      " [ 0.19000913  0.97532916 -0.11238108  0.06844769]\n",
      " [-0.4832232   0.19254747  0.85406137 -0.16779745]\n",
      " [ 0.          0.          0.          1.        ]]\n",
      "4.933140277862549 [[ 0.85136664 -0.10723452  0.51349354 -0.17781395]\n",
      " [ 0.19370884  0.9739645  -0.11777094  0.06935681]\n",
      " [-0.4874954   0.19973448  0.84997314 -0.16704226]\n",
      " [ 0.          0.          0.          1.        ]]\n",
      "4.966779947280884 [[ 0.8493191  -0.10715042  0.5168905  -0.1787114 ]\n",
      " [ 0.19810696  0.9723107  -0.12395763  0.07055164]\n",
      " [-0.4892961   0.2076792   0.8470293  -0.16637394]\n",
      " [ 0.          0.          0.          1.        ]]\n",
      "4.997251987457275 [[ 0.8471485  -0.1082527   0.5202123  -0.17977987]\n",
      " [ 0.20467366  0.9699621  -0.13146162  0.07222916]\n",
      " [-0.49035516  0.21784127  0.8438584  -0.16528195]\n",
      " [ 0.          0.          0.          1.        ]]\n",
      "5.02754807472229 [[ 0.84439296 -0.10906829  0.52450424 -0.18153252]\n",
      " [ 0.21078143  0.96772915 -0.13809952  0.07328683]\n",
      " [-0.49251574  0.22716601  0.84013325 -0.16505113]\n",
      " [ 0.          0.          0.          1.        ]]\n",
      "5.0576581954956055 [[ 0.84341955 -0.10831214  0.52622426 -0.18225543]\n",
      " [ 0.21487753  0.96572274 -0.1456269   0.07430906]\n",
      " [-0.49241355  0.23589835  0.8377833  -0.16412927]\n",
      " [ 0.          0.          0.          1.        ]]\n",
      "5.087105751037598 [[ 0.8438198  -0.10826953  0.52559096 -0.18170942]\n",
      " [ 0.22019057  0.9630431  -0.15512623  0.07637334]\n",
      " [-0.48937127  0.24662876  0.8364748  -0.16432934]\n",
      " [ 0.          0.          0.          1.        ]]\n",
      "5.116974353790283 [[ 0.842227   -0.10751814  0.5282931  -0.18318425]\n",
      " [ 0.2218324   0.96222794 -0.157822    0.07463463]\n",
      " [-0.49136963  0.25011447  0.8342653  -0.16307011]\n",
      " [ 0.          0.          0.          1.        ]]\n",
      "5.146268844604492 [[ 0.8437673  -0.1068479   0.5259661  -0.1819089 ]\n",
      " [ 0.22279236  0.96129006 -0.16212656  0.07407423]\n",
      " [-0.4882831   0.2539783   0.83491    -0.16346146]\n",
      " [ 0.          0.          0.          1.        ]]\n",
      "5.175836801528931 [[ 0.84401226 -0.10637659  0.5256685  -0.18180084]\n",
      " [ 0.2268911   0.9589252  -0.17024356  0.07550877]\n",
      " [-0.48596683  0.26295716  0.83348054 -0.16223745]\n",
      " [ 0.          0.          0.          1.        ]]\n",
      "5.205123424530029 [[ 0.8422562  -0.10735008  0.52828074 -0.18345782]\n",
      " [ 0.22875614  0.95853716 -0.16993281  0.07317031]\n",
      " [-0.48813438  0.2639744   0.8318908  -0.1618768 ]\n",
      " [ 0.          0.          0.          1.        ]]\n",
      "5.235763072967529 [[ 0.84321165 -0.10368883  0.52748716 -0.18306977]\n",
      " [ 0.22818688  0.9574754  -0.1765547   0.07391006]\n",
      " [-0.48674923  0.26923862  0.8310149  -0.16145965]\n",
      " [ 0.          0.          0.          1.        ]]\n",
      "5.269531726837158 [[ 0.8448821  -0.10310065  0.5249233  -0.18223168]\n",
      " [ 0.2273435   0.95743316 -0.17786686  0.0728379 ]\n",
      " [-0.48424083  0.26961443  0.8323574  -0.16208458]\n",
      " [ 0.          0.          0.          1.        ]]\n",
      "5.301137924194336 [[ 0.8462318  -0.1008655   0.5231805  -0.18174614]\n",
      " [ 0.22863536  0.9556624  -0.18556723  0.07464185]\n",
      " [-0.4812666   0.27665046  0.8317734  -0.1620028 ]\n",
      " [ 0.          0.          0.          1.        ]]\n",
      "5.333626747131348 [[ 0.8477502  -0.10181748  0.5205313  -0.18120041]\n",
      " [ 0.23153295  0.9539977  -0.1904755   0.07558718]\n",
      " [-0.47719193  0.28199577  0.8323258  -0.162344  ]\n",
      " [ 0.          0.          0.          1.        ]]\n",
      "5.36788010597229 [[ 0.84864837 -0.09956093  0.5195031  -0.1818106 ]\n",
      " [ 0.22871721  0.95463693 -0.19067441  0.0731926 ]\n",
      " [-0.47695318  0.28063485  0.8329224  -0.16117334]\n",
      " [ 0.          0.          0.          1.        ]]\n",
      "5.399193525314331 [[ 0.8505285  -0.09920035  0.51648873 -0.18133663]\n",
      " [ 0.23033309  0.95311964 -0.19623864  0.07431466]\n",
      " [-0.4728086   0.285871    0.83350456 -0.16151093]\n",
      " [ 0.          0.          0.          1.        ]]\n",
      "5.430333137512207 [[ 0.851184   -0.09614564  0.51598626 -0.18244362]\n",
      " [ 0.22689779  0.9538778  -0.19655673  0.0722256 ]\n",
      " [-0.4732898   0.2843821   0.8337407  -0.16143726]\n",
      " [ 0.          0.          0.          1.        ]]\n",
      "5.462563753128052 [[ 0.8517582  -0.09439291  0.51536196 -0.18367635]\n",
      " [ 0.2268991   0.9530686  -0.20044214  0.07202239]\n",
      " [-0.472255    0.2876634   0.83320165 -0.16092855]\n",
      " [ 0.          0.          0.          1.        ]]\n",
      "5.50256872177124 [[ 0.8553332  -0.09436464  0.5094118  -0.18215957]\n",
      " [ 0.22783329  0.9516013  -0.20626898  0.07324294]\n",
      " [-0.46529248  0.29248968  0.8354356  -0.16125698]\n",
      " [ 0.          0.          0.          1.        ]]\n",
      "5.533504009246826 [[ 0.85879695 -0.09276422  0.5038477  -0.18110256]\n",
      " [ 0.22659072  0.9508248  -0.21116082  0.07345118]\n",
      " [-0.45948276  0.29551148  0.837585   -0.16111553]\n",
      " [ 0.          0.          0.          1.        ]]\n",
      "5.566194772720337 [[ 0.8626138  -0.09114362  0.49758443 -0.17982161]\n",
      " [ 0.22359718  0.95102745 -0.21342696  0.07235236]\n",
      " [-0.45376396  0.29536352  0.84074885 -0.16140604]\n",
      " [ 0.          0.          0.          1.        ]]\n",
      "5.597632646560669 [[ 0.8653718  -0.08963756  0.49304834 -0.17985503]\n",
      " [ 0.22348747  0.94964576 -0.21960491  0.07323222]\n",
      " [-0.44853643  0.30023003  0.84182954 -0.16145141]\n",
      " [ 0.          0.          0.          1.        ]]\n",
      "5.629479169845581 [[ 0.8674276  -0.0863344   0.49001607 -0.18040119]\n",
      " [ 0.22054444  0.9495153  -0.22311616  0.07257821]\n",
      " [-0.44601518  0.30160743  0.84267634 -0.16108309]\n",
      " [ 0.          0.          0.          1.        ]]\n",
      "5.660013914108276 [[ 0.8718512  -0.08491649  0.4823533  -0.17888139]\n",
      " [ 0.21848293  0.94886446 -0.22786276  0.07249083]\n",
      " [-0.4383386   0.30404836  0.8458214  -0.1608202 ]\n",
      " [ 0.          0.          0.          1.        ]]\n",
      "5.6906163692474365 [[ 0.87630165 -0.0829103   0.47457483 -0.17756958]\n",
      " [ 0.21410361  0.9494766  -0.22946426  0.07054406]\n",
      " [-0.43157277  0.30268812  0.8497793  -0.16056387]\n",
      " [ 0.          0.          0.          1.        ]]\n",
      "5.725350379943848 [[ 0.8796868  -0.08227257  0.46838272 -0.1770025 ]\n",
      " [ 0.21305622  0.94872737 -0.23350243  0.07050914]\n",
      " [-0.42515668  0.30520085  0.85211164 -0.16040112]\n",
      " [ 0.          0.          0.          1.        ]]\n",
      "5.757363557815552 [[ 0.8857871  -0.08041991  0.4570709  -0.17407155]\n",
      " [ 0.20977388  0.947899   -0.23975506  0.0711413 ]\n",
      " [-0.41397592  0.3082535   0.8565067  -0.160106  ]\n",
      " [ 0.          0.          0.          1.        ]]\n",
      "5.792410373687744 [[ 0.88982826 -0.07969914  0.44928136 -0.17298263]\n",
      " [ 0.20857097  0.94678795 -0.24513404  0.07225855]\n",
      " [-0.4058372   0.31183425  0.8591016  -0.16034484]\n",
      " [ 0.          0.          0.          1.        ]]\n",
      "5.8253724575042725 [[ 0.8945027  -0.08014601  0.43981993 -0.17201293]\n",
      " [ 0.20954624  0.9442007  -0.25411704  0.07490997]\n",
      " [-0.3949118   0.319471    0.86138433 -0.16043536]\n",
      " [ 0.          0.          0.          1.        ]]\n",
      "5.85730242729187 [[ 0.8989288  -0.08039942  0.4306541  -0.17047599]\n",
      " [ 0.21054684  0.94133264 -0.2637477   0.07814267]\n",
      " [-0.38418362  0.32776323  0.8631189  -0.15987068]\n",
      " [ 0.          0.          0.          1.        ]]\n",
      "5.889621734619141 [[ 0.9032908  -0.08056068  0.42139733 -0.16929777]\n",
      " [ 0.2109021   0.9387214  -0.2726213   0.08108037]\n",
      " [-0.37361217  0.3351299   0.86492884 -0.1593868 ]\n",
      " [ 0.          0.          0.          1.        ]]\n",
      "5.920940637588501 [[ 0.90801233 -0.08104504  0.41102952 -0.16766895]\n",
      " [ 0.21083136  0.93621784 -0.28115174  0.08374627]\n",
      " [-0.3620272   0.34194717  0.8671842  -0.15869835]\n",
      " [ 0.          0.          0.          1.        ]]\n",
      "5.954838514328003 [[ 0.911429   -0.0810193   0.40340185 -0.16807964]\n",
      " [ 0.21117204  0.9335567  -0.28961742  0.08642326]\n",
      " [-0.35313392  0.3491529   0.86797965 -0.15762642]\n",
      " [ 0.          0.          0.          1.        ]]\n",
      "5.988428831100464 [[ 0.9158442  -0.0830422   0.39285296 -0.1665668 ]\n",
      " [ 0.21179217  0.9311185  -0.29692152  0.08868949]\n",
      " [-0.34113562  0.35513702  0.87034714 -0.15695271]\n",
      " [ 0.          0.          0.          1.        ]]\n",
      "6.019833326339722 [[ 0.9210849  -0.08359067  0.38028306 -0.16416955]\n",
      " [ 0.21118717  0.9277908  -0.3075779   0.09266394]\n",
      " [-0.32711247  0.36361626  0.87222743 -0.1558868 ]\n",
      " [ 0.          0.          0.          1.        ]]\n",
      "6.050546169281006 [[ 0.92566156 -0.08493406  0.36869612 -0.16264999]\n",
      " [ 0.2110784   0.9246618  -0.3169328   0.09602883]\n",
      " [-0.31400084  0.3711963   0.8738517  -0.15450646]\n",
      " [ 0.          0.          0.          1.        ]]\n",
      "6.082815885543823 [[ 0.930098   -0.08600334  0.35710105 -0.16184638]\n",
      " [ 0.21038337  0.92166734 -0.32598802  0.09909157]\n",
      " [-0.30109233  0.37832892  0.87533456 -0.1526086 ]\n",
      " [ 0.          0.          0.          1.        ]]\n",
      "6.114439487457275 [[ 0.93434614 -0.08790431  0.34535515 -0.16065188]\n",
      " [ 0.2100528   0.9187065  -0.3344492   0.10205208]\n",
      " [-0.28788048  0.38503414  0.87685436 -0.1507326 ]\n",
      " [ 0.          0.          0.          1.        ]]\n",
      "6.1551690101623535 [[ 0.93842906 -0.08976536  0.3336062  -0.159932  ]\n",
      " [ 0.20949227  0.9157134  -0.34290212  0.1051807 ]\n",
      " [-0.27470696  0.39167726  0.87813723 -0.14838037]\n",
      " [ 0.          0.          0.          1.        ]]\n",
      "6.192428112030029 [[ 0.942825   -0.09409156  0.31973067 -0.15775634]\n",
      " [ 0.21102645  0.9110621  -0.35416606  0.10995316]\n",
      " [-0.25797048  0.40138826  0.87882805 -0.14411846]\n",
      " [ 0.          0.          0.          1.        ]]\n",
      "6.233184099197388 [[ 0.9461212  -0.09531451  0.30946687 -0.15765062]\n",
      " [ 0.2093368   0.90917295 -0.35997593  0.11126623]\n",
      " [-0.24704798  0.40536368  0.88014066 -0.14228594]\n",
      " [ 0.          0.          0.          1.        ]]\n",
      "6.270715713500977 [[ 0.9504031  -0.09449935  0.29631713 -0.15684883]\n",
      " [ 0.20603651  0.9049838  -0.37222737  0.1159629 ]\n",
      " [-0.23298697  0.4148182   0.87956977 -0.13956088]\n",
      " [ 0.          0.          0.          1.        ]]\n",
      "6.311024188995361 [[ 0.95374614 -0.09524693  0.2851251  -0.15709114]\n",
      " [ 0.20342912  0.9028076  -0.37888658  0.1179411 ]\n",
      " [-0.22132534  0.41936436  0.8804253  -0.13763605]\n",
      " [ 0.          0.          0.          1.        ]]\n",
      "6.34826135635376 [[ 0.95710564 -0.10080255  0.2716389  -0.15571962]\n",
      " [ 0.20399193  0.9002221  -0.38469136  0.1196248 ]\n",
      " [-0.20575748  0.4236024   0.88217056 -0.13559717]\n",
      " [ 0.          0.          0.          1.        ]]\n",
      "6.387581825256348 [[ 0.962042   -0.1130725   0.24837433 -0.15048453]\n",
      " [ 0.20676108  0.8960142  -0.3929483   0.12100793]\n",
      " [-0.1781153   0.4293869   0.8853823  -0.13988899]\n",
      " [ 0.          0.          0.          1.        ]]\n",
      "6.426165580749512 [[ 0.96454406 -0.11850661  0.23581976 -0.14985496]\n",
      " [ 0.20779736  0.8918675  -0.40173697  0.12363578]\n",
      " [-0.16271149  0.43649575  0.8848709  -0.13915828]\n",
